{
    "camera_angle_x": 0.6911112070083618,
    "frames": [
        {
            "file_path": "0",
            "rotation": 0.012566370614359171,
            "transform_matrix": [
                [
                    -0.963964581489563,
                    -0.2611401677131653,
                    0.0507759265601635,
                    0.2046843022108078
                ],
                [
                    0.26603081822395325,
                    -0.9462433457374573,
                    0.18398693203926086,
                    0.7416750192642212
                ],
                [
                    7.450580596923828e-09,
                    0.1908649355173111,
                    0.9816163182258606,
                    3.957021951675415
                ],
                [
                    0.0,
                    0.0,
                    0.0,
                    1.0
                ]
            ]
        },
        {
            "file_path": "1",
            "rotation": 0.012566370614359171,
            "transform_matrix": [
                [
                    0.957957923412323,
                    -0.16224195063114166,
                    0.23663082718849182,
                    0.9538894295692444
                ],
                [
                    0.28690868616104126,
                    0.541708767414093,
                    -0.7900853753089905,
                    -3.184936285018921
                ],
                [
                    0.0,
                    0.8247601389884949,
                    0.5654827356338501,
                    2.279534101486206
                ],
                [
                    0.0,
                    0.0,
                    0.0,
                    1.0
                ]
            ]
        },
        {
            "file_path": "2",
            "rotation": 0.012566370614359171,
            "transform_matrix": [
                [
                    0.053793132305145264,
                    0.8200244307518005,
                    -0.5697950124740601,
                    -2.296917200088501
                ],
                [
                    -0.998552143573761,
                    0.0441756397485733,
                    -0.03069549985229969,
                    -0.12373751401901245
                ],
                [
                    0.0,
                    0.5706211924552917,
                    0.8212133646011353,
                    3.3104169368743896
                ],
                [
                    0.0,
                    0.0,
                    0.0,
                    1.0
                ]
            ]
        },
        {
            "file_path": "3",
            "rotation": 0.012566370614359171,
            "transform_matrix": [
                [
                    0.8378013968467712,
                    0.1475498080253601,
                    -0.525659441947937,
                    -2.1190009117126465
                ],
                [
                    -0.5459750294685364,
                    0.22641590237617493,
                    -0.8066269755363464,
                    -3.251617431640625
                ],
                [
                    0.0,
                    0.9627902507781982,
                    0.2702500522136688,
                    1.089412808418274
                ],
                [
                    0.0,
                    0.0,
                    0.0,
                    1.0
                ]
            ]
        },
        {
            "file_path": "4",
            "rotation": 0.012566370614359171,
            "transform_matrix": [
                [
                    -0.9967323541641235,
                    -0.06236458569765091,
                    0.05133584886789322,
                    0.2069414258003235
                ],
                [
                    0.0807756781578064,
                    -0.7695484161376953,
                    0.633459210395813,
                    2.553555727005005
                ],
                [
                    0.0,
                    0.6355359554290771,
                    0.7720712423324585,
                    3.112318754196167
                ],
                [
                    0.0,
                    0.0,
                    0.0,
                    1.0
                ]
            ]
        },
        {
            "file_path": "5",
            "rotation": 0.012566370614359171,
            "transform_matrix": [
                [
                    -0.7549905180931091,
                    0.3629770874977112,
                    -0.5461105704307556,
                    -2.2014424800872803
                ],
                [
                    -0.6557355523109436,
                    -0.417918860912323,
                    0.6287722587585449,
                    2.5346622467041016
                ],
                [
                    1.4901160305669237e-08,
                    0.8328214287757874,
                    0.5535417199134827,
                    2.231398344039917
                ],
                [
                    0.0,
                    0.0,
                    0.0,
                    1.0
                ]
            ]
        },
        {
            "file_path": "6",
            "rotation": 0.012566370614359171,
            "transform_matrix": [
                [
                    -0.6818113923072815,
                    -0.17271238565444946,
                    0.7108470797538757,
                    2.865516185760498
                ],
                [
                    0.7315279245376587,
                    -0.1609744280576706,
                    0.662536084651947,
                    2.6707684993743896
                ],
                [
                    1.4901160305669237e-08,
                    0.9717292189598083,
                    0.23609814047813416,
                    0.9517420530319214
                ],
                [
                    0.0,
                    0.0,
                    0.0,
                    1.0
                ]
            ]
        },
		{
            "file_path": "7",
            "rotation": 0.031415926535897934,
            "transform_matrix": [
                [
                    -0.9999999403953552,
                    0.0,
                    0.0,
                    0.0
                ],
                [
                    0.0,
                    -0.7341099977493286,
                    0.6790305972099304,
                    2.737260103225708
                ],
                [
                    0.0,
                    0.6790306568145752,
                    0.7341098785400391,
                    2.959291696548462
                ],
                [
                    0.0,
                    0.0,
                    0.0,
                    1.0
                ]
            ]
        },
        {             "file_path": "8",             "rotation": 0.012566370614359171,             "transform_matrix": [[-1,-1.22464679914735E-016,0,0],[1.22464679914735E-016,-1,0,0],[0,0,1,3.8],[0,0,0,1]]},



{             "file_path": "9",             "rotation": 0.012566370614359171,             "transform_matrix": [[-0.996194698091746,0.0871557427476579,0,0],[-0.0871557427476579,-0.996194698091746,0,0],[0,0,1,3.8],[0,0,0,1]]},



{             "file_path": "10",             "rotation": 0.012566370614359171,             "transform_matrix": [[-0.984807753012208,0.17364817766693,0,0],[-0.17364817766693,-0.984807753012208,0,0],[0,0,1,3.8],[0,0,0,1]]},



{             "file_path": "11",             "rotation": 0.012566370614359171,             "transform_matrix": [[-0.965925826289068,0.25881904510252,0,0],[-0.25881904510252,-0.965925826289068,0,0],[0,0,1,3.8],[0,0,0,1]]},



{             "file_path": "12",             "rotation": 0.012566370614359171,             "transform_matrix": [[-0.939692620785908,0.342020143325669,0,0],[-0.342020143325669,-0.939692620785908,0,0],[0,0,1,3.8],[0,0,0,1]]},



{             "file_path": "13",             "rotation": 0.012566370614359171,             "transform_matrix": [[-0.90630778703665,0.422618261740699,0,0],[-0.422618261740699,-0.90630778703665,0,0],[0,0,1,3.8],[0,0,0,1]]},



{             "file_path": "14",             "rotation": 0.012566370614359171,             "transform_matrix": [[-0.866025403784439,0.5,0,0],[-0.5,-0.866025403784439,0,0],[0,0,1,3.8],[0,0,0,1]]},



{             "file_path": "15",             "rotation": 0.012566370614359171,             "transform_matrix": [[-0.819152044288992,0.573576436351046,0,0],[-0.573576436351046,-0.819152044288992,0,0],[0,0,1,3.8],[0,0,0,1]]},



{             "file_path": "16",             "rotation": 0.012566370614359171,             "transform_matrix": [[-0.766044443118978,0.642787609686539,0,0],[-0.642787609686539,-0.766044443118978,0,0],[0,0,1,3.8],[0,0,0,1]]},



{             "file_path": "17",             "rotation": 0.012566370614359171,             "transform_matrix": [[-0.707106781186548,0.707106781186547,0,0],[-0.707106781186547,-0.707106781186548,0,0],[0,0,1,3.8],[0,0,0,1]]},



{             "file_path": "18",             "rotation": 0.012566370614359171,             "transform_matrix": [[-0.642787609686539,0.766044443118978,0,0],[-0.766044443118978,-0.642787609686539,0,0],[0,0,1,3.8],[0,0,0,1]]},



{             "file_path": "19",             "rotation": 0.012566370614359171,             "transform_matrix": [[-0.573576436351046,0.819152044288992,0,0],[-0.819152044288992,-0.573576436351046,0,0],[0,0,1,3.8],[0,0,0,1]]},



{             "file_path": "20",             "rotation": 0.012566370614359171,             "transform_matrix": [[-0.5,0.866025403784438,0,0],[-0.866025403784438,-0.5,0,0],[0,0,1,3.8],[0,0,0,1]]},



{             "file_path": "21",             "rotation": 0.012566370614359171,             "transform_matrix": [[-0.422618261740699,0.90630778703665,0,0],[-0.90630778703665,-0.422618261740699,0,0],[0,0,1,3.8],[0,0,0,1]]},



{             "file_path": "22",             "rotation": 0.012566370614359171,             "transform_matrix": [[-0.342020143325669,0.939692620785908,0,0],[-0.939692620785908,-0.342020143325669,0,0],[0,0,1,3.8],[0,0,0,1]]},



{             "file_path": "23",             "rotation": 0.012566370614359171,             "transform_matrix": [[-0.258819045102521,0.965925826289068,0,0],[-0.965925826289068,-0.258819045102521,0,0],[0,0,1,3.8],[0,0,0,1]]},



{             "file_path": "24",             "rotation": 0.012566370614359171,             "transform_matrix": [[-0.17364817766693,0.984807753012208,0,0],[-0.984807753012208,-0.17364817766693,0,0],[0,0,1,3.8],[0,0,0,1]]},



{             "file_path": "25",             "rotation": 0.012566370614359171,             "transform_matrix": [[-0.0871557427476582,0.996194698091746,0,0],[-0.996194698091746,-0.0871557427476582,0,0],[0,0,1,3.8],[0,0,0,1]]},



{             "file_path": "26",             "rotation": 0.012566370614359171,             "transform_matrix": [[-1.83697019872103E-016,1,0,0],[-1,-1.83697019872103E-016,0,0],[0,0,1,3.8],[0,0,0,1]]},



{             "file_path": "27",             "rotation": 0.012566370614359171,             "transform_matrix": [[0.0871557427476579,0.996194698091746,0,0],[-0.996194698091746,0.0871557427476579,0,0],[0,0,1,3.8],[0,0,0,1]]},



{             "file_path": "28",             "rotation": 0.012566370614359171,             "transform_matrix": [[0.17364817766693,0.984807753012208,0,0],[-0.984807753012208,0.17364817766693,0,0],[0,0,1,3.8],[0,0,0,1]]},



{             "file_path": "29",             "rotation": 0.012566370614359171,             "transform_matrix": [[0.25881904510252,0.965925826289068,0,0],[-0.965925826289068,0.25881904510252,0,0],[0,0,1,3.8],[0,0,0,1]]},



{             "file_path": "30",             "rotation": 0.012566370614359171,             "transform_matrix": [[0.342020143325669,0.939692620785908,0,0],[-0.939692620785908,0.342020143325669,0,0],[0,0,1,3.8],[0,0,0,1]]},



{             "file_path": "31",             "rotation": 0.012566370614359171,             "transform_matrix": [[0.422618261740699,0.90630778703665,0,0],[-0.90630778703665,0.422618261740699,0,0],[0,0,1,3.8],[0,0,0,1]]},



{             "file_path": "32",             "rotation": 0.012566370614359171,             "transform_matrix": [[0.5,0.866025403784439,0,0],[-0.866025403784439,0.5,0,0],[0,0,1,3.8],[0,0,0,1]]},



{             "file_path": "33",             "rotation": 0.012566370614359171,             "transform_matrix": [[0.573576436351046,0.819152044288992,0,0],[-0.819152044288992,0.573576436351046,0,0],[0,0,1,3.8],[0,0,0,1]]},



{             "file_path": "34",             "rotation": 0.012566370614359171,             "transform_matrix": [[0.642787609686539,0.766044443118978,0,0],[-0.766044443118978,0.642787609686539,0,0],[0,0,1,3.8],[0,0,0,1]]},



{             "file_path": "35",             "rotation": 0.012566370614359171,             "transform_matrix": [[0.707106781186547,0.707106781186548,0,0],[-0.707106781186548,0.707106781186547,0,0],[0,0,1,3.8],[0,0,0,1]]},



{             "file_path": "36",             "rotation": 0.012566370614359171,             "transform_matrix": [[0.766044443118978,0.64278760968654,0,0],[-0.64278760968654,0.766044443118978,0,0],[0,0,1,3.8],[0,0,0,1]]},



{             "file_path": "37",             "rotation": 0.012566370614359171,             "transform_matrix": [[0.819152044288992,0.573576436351047,0,0],[-0.573576436351047,0.819152044288992,0,0],[0,0,1,3.8],[0,0,0,1]]},



{             "file_path": "38",             "rotation": 0.012566370614359171,             "transform_matrix": [[0.866025403784438,0.5,0,0],[-0.5,0.866025403784438,0,0],[0,0,1,3.8],[0,0,0,1]]},



{             "file_path": "39",             "rotation": 0.012566370614359171,             "transform_matrix": [[0.90630778703665,0.422618261740699,0,0],[-0.422618261740699,0.90630778703665,0,0],[0,0,1,3.8],[0,0,0,1]]},



{             "file_path": "40",             "rotation": 0.012566370614359171,             "transform_matrix": [[0.939692620785908,0.342020143325669,0,0],[-0.342020143325669,0.939692620785908,0,0],[0,0,1,3.8],[0,0,0,1]]},



{             "file_path": "41",             "rotation": 0.012566370614359171,             "transform_matrix": [[0.965925826289068,0.258819045102521,0,0],[-0.258819045102521,0.965925826289068,0,0],[0,0,1,3.8],[0,0,0,1]]},



{             "file_path": "42",             "rotation": 0.012566370614359171,             "transform_matrix": [[0.984807753012208,0.17364817766693,0,0],[-0.17364817766693,0.984807753012208,0,0],[0,0,1,3.8],[0,0,0,1]]},



{             "file_path": "43",             "rotation": 0.012566370614359171,             "transform_matrix": [[0.996194698091746,0.0871557427476583,0,0],[-0.0871557427476583,0.996194698091746,0,0],[0,0,1,3.8],[0,0,0,1]]},



{             "file_path": "44",             "rotation": 0.012566370614359171,             "transform_matrix": [[1,2.44929359829471E-016,0,0],[-2.44929359829471E-016,1,0,0],[0,0,1,3.8],[0,0,0,1]]},



{             "file_path": "45",             "rotation": 0.012566370614359171,             "transform_matrix": [[0.996194698091746,-0.0871557427476582,0,0],[0.0871557427476582,0.996194698091746,0,0],[0,0,1,3.8],[0,0,0,1]]},



{             "file_path": "46",             "rotation": 0.012566370614359171,             "transform_matrix": [[0.984807753012208,-0.17364817766693,0,0],[0.17364817766693,0.984807753012208,0,0],[0,0,1,3.8],[0,0,0,1]]},



{             "file_path": "47",             "rotation": 0.012566370614359171,             "transform_matrix": [[0.965925826289068,-0.258819045102521,0,0],[0.258819045102521,0.965925826289068,0,0],[0,0,1,3.8],[0,0,0,1]]},



{             "file_path": "48",             "rotation": 0.012566370614359171,             "transform_matrix": [[0.939692620785908,-0.342020143325669,0,0],[0.342020143325669,0.939692620785908,0,0],[0,0,1,3.8],[0,0,0,1]]},



{             "file_path": "49",             "rotation": 0.012566370614359171,             "transform_matrix": [[0.90630778703665,-0.422618261740699,0,0],[0.422618261740699,0.90630778703665,0,0],[0,0,1,3.8],[0,0,0,1]]},



{             "file_path": "50",             "rotation": 0.012566370614359171,             "transform_matrix": [[0.866025403784439,-0.5,0,0],[0.5,0.866025403784439,0,0],[0,0,1,3.8],[0,0,0,1]]},



{             "file_path": "51",             "rotation": 0.012566370614359171,             "transform_matrix": [[0.819152044288992,-0.573576436351046,0,0],[0.573576436351046,0.819152044288992,0,0],[0,0,1,3.8],[0,0,0,1]]},



{             "file_path": "52",             "rotation": 0.012566370614359171,             "transform_matrix": [[0.766044443118978,-0.642787609686539,0,0],[0.642787609686539,0.766044443118978,0,0],[0,0,1,3.8],[0,0,0,1]]},



{             "file_path": "53",             "rotation": 0.012566370614359171,             "transform_matrix": [[0.707106781186548,-0.707106781186547,0,0],[0.707106781186547,0.707106781186548,0,0],[0,0,1,3.8],[0,0,0,1]]},



{             "file_path": "54",             "rotation": 0.012566370614359171,             "transform_matrix": [[0.642787609686539,-0.766044443118978,0,0],[0.766044443118978,0.642787609686539,0,0],[0,0,1,3.8],[0,0,0,1]]},



{             "file_path": "55",             "rotation": 0.012566370614359171,             "transform_matrix": [[0.573576436351046,-0.819152044288992,0,0],[0.819152044288992,0.573576436351046,0,0],[0,0,1,3.8],[0,0,0,1]]},



{             "file_path": "56",             "rotation": 0.012566370614359171,             "transform_matrix": [[0.5,-0.866025403784439,0,0],[0.866025403784439,0.5,0,0],[0,0,1,3.8],[0,0,0,1]]},



{             "file_path": "57",             "rotation": 0.012566370614359171,             "transform_matrix": [[0.422618261740699,-0.90630778703665,0,0],[0.90630778703665,0.422618261740699,0,0],[0,0,1,3.8],[0,0,0,1]]},



{             "file_path": "58",             "rotation": 0.012566370614359171,             "transform_matrix": [[0.342020143325669,-0.939692620785908,0,0],[0.939692620785908,0.342020143325669,0,0],[0,0,1,3.8],[0,0,0,1]]},



{             "file_path": "59",             "rotation": 0.012566370614359171,             "transform_matrix": [[0.258819045102521,-0.965925826289068,0,0],[0.965925826289068,0.258819045102521,0,0],[0,0,1,3.8],[0,0,0,1]]},



{             "file_path": "60",             "rotation": 0.012566370614359171,             "transform_matrix": [[0.17364817766693,-0.984807753012208,0,0],[0.984807753012208,0.17364817766693,0,0],[0,0,1,3.8],[0,0,0,1]]},



{             "file_path": "61",             "rotation": 0.012566370614359171,             "transform_matrix": [[0.0871557427476584,-0.996194698091746,0,0],[0.996194698091746,0.0871557427476584,0,0],[0,0,1,3.8],[0,0,0,1]]},



{             "file_path": "62",             "rotation": 0.012566370614359171,             "transform_matrix": [[6.12323399573677E-017,-1,0,0],[1,6.12323399573677E-017,0,0],[0,0,1,3.8],[0,0,0,1]]},



{             "file_path": "63",             "rotation": 0.012566370614359171,             "transform_matrix": [[-0.0871557427476582,-0.996194698091746,0,0],[0.996194698091746,-0.0871557427476582,0,0],[0,0,1,3.8],[0,0,0,1]]},



{             "file_path": "64",             "rotation": 0.012566370614359171,             "transform_matrix": [[-0.17364817766693,-0.984807753012208,0,0],[0.984807753012208,-0.17364817766693,0,0],[0,0,1,3.8],[0,0,0,1]]},



{             "file_path": "65",             "rotation": 0.012566370614359171,             "transform_matrix": [[-0.258819045102521,-0.965925826289068,0,0],[0.965925826289068,-0.258819045102521,0,0],[0,0,1,3.8],[0,0,0,1]]},



{             "file_path": "66",             "rotation": 0.012566370614359171,             "transform_matrix": [[-0.342020143325669,-0.939692620785908,0,0],[0.939692620785908,-0.342020143325669,0,0],[0,0,1,3.8],[0,0,0,1]]},



{             "file_path": "67",             "rotation": 0.012566370614359171,             "transform_matrix": [[-0.422618261740699,-0.90630778703665,0,0],[0.90630778703665,-0.422618261740699,0,0],[0,0,1,3.8],[0,0,0,1]]},



{             "file_path": "68",             "rotation": 0.012566370614359171,             "transform_matrix": [[-0.5,-0.866025403784439,0,0],[0.866025403784439,-0.5,0,0],[0,0,1,3.8],[0,0,0,1]]},



{             "file_path": "69",             "rotation": 0.012566370614359171,             "transform_matrix": [[-0.573576436351046,-0.819152044288992,0,0],[0.819152044288992,-0.573576436351046,0,0],[0,0,1,3.8],[0,0,0,1]]},



{             "file_path": "70",             "rotation": 0.012566370614359171,             "transform_matrix": [[-0.642787609686539,-0.766044443118978,0,0],[0.766044443118978,-0.642787609686539,0,0],[0,0,1,3.8],[0,0,0,1]]},



{             "file_path": "71",             "rotation": 0.012566370614359171,             "transform_matrix": [[-0.707106781186547,-0.707106781186548,0,0],[0.707106781186548,-0.707106781186547,0,0],[0,0,1,3.8],[0,0,0,1]]},



{             "file_path": "72",             "rotation": 0.012566370614359171,             "transform_matrix": [[-0.766044443118978,-0.642787609686539,0,0],[0.642787609686539,-0.766044443118978,0,0],[0,0,1,3.8],[0,0,0,1]]},



{             "file_path": "73",             "rotation": 0.012566370614359171,             "transform_matrix": [[-0.819152044288992,-0.573576436351046,0,0],[0.573576436351046,-0.819152044288992,0,0],[0,0,1,3.8],[0,0,0,1]]},



{             "file_path": "74",             "rotation": 0.012566370614359171,             "transform_matrix": [[-0.866025403784439,-0.5,0,0],[0.5,-0.866025403784439,0,0],[0,0,1,3.8],[0,0,0,1]]},



{             "file_path": "75",             "rotation": 0.012566370614359171,             "transform_matrix": [[-0.90630778703665,-0.422618261740699,0,0],[0.422618261740699,-0.90630778703665,0,0],[0,0,1,3.8],[0,0,0,1]]},



{             "file_path": "76",             "rotation": 0.012566370614359171,             "transform_matrix": [[-0.939692620785908,-0.342020143325669,0,0],[0.342020143325669,-0.939692620785908,0,0],[0,0,1,3.8],[0,0,0,1]]},



{             "file_path": "77",             "rotation": 0.012566370614359171,             "transform_matrix": [[-0.965925826289068,-0.258819045102521,0,0],[0.258819045102521,-0.965925826289068,0,0],[0,0,1,3.8],[0,0,0,1]]},



{             "file_path": "78",             "rotation": 0.012566370614359171,             "transform_matrix": [[-0.984807753012208,-0.173648177666931,0,0],[0.173648177666931,-0.984807753012208,0,0],[0,0,1,3.8],[0,0,0,1]]},



{             "file_path": "79",             "rotation": 0.012566370614359171,             "transform_matrix": [[-0.996194698091746,-0.0871557427476582,0,0],[0.0871557427476582,-0.996194698091746,0,0],[0,0,1,3.8],[0,0,0,1]]},
{             "file_path": "80",             "rotation": 0.012566370614359171,             "transform_matrix": [[1,0,0,0],[0,1,0,0],[0,0,1,3.8],[0,0,0,1]]}

    ]
}
